1  0  0  1 
2  0  0  2 
58  0  0  3 
3  0  0  4 
59  0  0  5 
5  0  0  6 
4  0  0  7 
7  0  0  8 
6  0  0  9 
62  0  0  10 
0  0  8  11 
9  0  0  12 
10  0  0  13 
11  0  0  14 
0  8  0  15 
12  0  0  16 
13  0  0  17 
63  0  0  18 
14  0  0  19 
15  0  0  20 
16  0  0  21 
17  0  0  22 
19  0  0  23 
23  0  0  24 
22  0  0  25 
26  0  0  26 
20  0  0  27 
0  0  24  28 
69  0  0  29 
27  0  0  30 
28  0  0  31 
29  0  0  32 
70  0  0  33 
73  0  0  34 
31  0  0  35 
32  0  0  36 
33  0  0  37 
74  0  0  38 
34  0  0  39 
35  0  0  40 
36  0  0  41 
37  0  0  42 
38  0  0  43 
40  0  0  44 
41  0  0  45 
43  0  0  46 
78  0  0  47 
42  0  0  48 
44  0  0  49 
79  0  0  50 
45  0  0  51 
46  0  0  52 
47  0  0  53 
48  0  0  54 
50  0  0  55 
51  0  0  56 
53  0  0  57 
54  0  0  58 
80  0  0  59 
57  0  0  60 
60  0  0  61 
61  0  0  62 
64  0  0  63 
65  0  0  64 
66  0  0  65 
18  0  0  66 
67  0  0  67 
68  0  0  68 
0  0  21  69 
0  21  0  70 
0  0  25  71 
0  25  0  72 
71  0  0  73 
72  0  0  74 
30  0  0  75 
0  0  39  76 
0  39  0  77 
0  0  75  78 
0  75  0  79 
76  0  0  80 
77  0  0  81 
0  0  49  82 
0  49  0  83 
55  0  0  84 
56  0  0  85 
52  0  0  86 
0  24  0  87 
