1  0  0  1 
26  0  0  2 
28  0  0  3 
32  0  0  4 
27  0  0  5 
2  0  0  6 
33  0  0  7 
3  0  0  8 
4  0  0  9 
5  0  0  10 
6  0  0  11 
7  0  0  12 
34  0  0  13 
8  0  0  14 
9  0  0  15 
35  0  0  16 
10  0  0  17 
11  0  0  18 
12  0  0  19 
13  0  0  20 
14  0  0  21 
15  0  0  22 
16  0  0  23 
17  0  0  24 
18  0  0  25 
19  0  0  26 
20  0  0  27 
22  0  0  28 
21  0  0  29 
23  0  0  30 
24  0  0  31 
25  0  0  32 
29  0  0  33 
30  0  0  34 
31  0  0  35 
36  0  0  36 
37  0  0  37 
38  0  0  38 
