114  0  0  1 
1  0  0  2 
116  0  0  3 
115  0  0  4 
3  0  0  5 
5  0  0  6 
7  0  0  7 
0  0  8  8 
9  0  0  9 
11  0  0  10 
14  0  0  11 
16  0  0  12 
17  0  0  13 
18  0  0  14 
19  0  0  15 
12  0  0  16 
15  0  0  17 
127  0  0  18 
21  0  0  19 
128  0  0  20 
25  0  0  21 
24  0  0  22 
29  0  0  23 
27  0  0  24 
0  0  0  25 
28  0  0  26 
30  0  0  27 
35  0  0  28 
32  0  0  29 
31  0  0  30 
143  0  0  31 
36  0  0  32 
145  0  0  33 
38  0  0  34 
39  0  0  35 
40  0  0  36 
146  0  0  37 
44  0  0  38 
45  0  0  39 
47  0  0  40 
46  0  0  41 
50  0  0  42 
48  0  0  43 
164  0  0  44 
56  0  0  45 
54  0  0  46 
156  0  0  47 
0  0  168  48 
55  0  0  49 
59  0  0  50 
0  168  0  51 
171  0  0  52 
62  0  0  53 
172  0  0  54 
176  0  0  55 
63  0  0  56 
64  0  0  57 
184  0  0  58 
66  0  0  59 
68  0  0  60 
67  0  0  61 
69  0  0  62 
73  0  0  63 
70  0  0  64 
71  0  0  65 
177  0  0  66 
76  0  0  67 
185  0  0  68 
75  0  0  69 
233  0  0  70 
78  0  0  71 
79  0  0  72 
80  0  0  73 
81  0  0  74 
74  0  0  75 
191  0  0  76 
82  0  0  77 
84  0  0  78 
86  0  0  79 
85  0  0  80 
88  0  0  81 
87  0  0  82 
201  0  0  83 
89  0  0  84 
91  0  0  85 
83  0  0  86 
193  0  0  87 
90  0  0  88 
202  0  0  89 
92  0  0  90 
95  0  0  91 
0  94  0  92 
100  0  0  93 
212  0  0  94 
98  0  0  95 
96  0  0  96 
99  0  0  97 
97  0  0  98 
213  0  0  99 
101  0  0  100 
102  0  0  101 
105  0  0  102 
106  0  0  103 
0  0  109  104 
110  0  0  105 
0  109  0  106 
117  0  0  107 
2  0  0  108 
118  0  0  109 
0  0  119  110 
0  119  0  111 
0  0  4  112 
0  4  0  113 
120  0  0  114 
6  0  0  115 
121  0  0  116 
123  0  0  117 
10  0  0  118 
0  0  122  119 
0  122  0  120 
124  0  0  121 
0  0  136  122 
0  0  13  123 
0  13  0  124 
0  0  129  125 
0  129  0  126 
20  0  0  127 
125  0  0  128 
130  0  0  129 
134  0  0  130 
135  0  0  131 
132  0  0  132 
133  0  0  133 
126  0  0  134 
0  0  234  135 
0  234  0  136 
0  0  0  137 
0  136  0  138 
23  0  0  139 
137  0  0  140 
138  0  0  141 
140  0  0  142 
141  0  0  143 
33  0  0  144 
34  0  0  145 
37  0  0  146 
51  0  0  147 
0  0  0  148 
148  0  0  149 
149  0  0  150 
150  0  0  151 
151  0  0  152 
152  0  0  153 
153  0  0  154 
154  0  0  155 
0  0  41  156 
0  41  0  157 
155  0  0  158 
43  0  0  159 
49  0  0  160 
42  0  0  161 
157  0  0  162 
158  0  0  163 
52  0  0  164 
0  0  53  165 
0  53  0  166 
159  0  0  167 
160  0  0  168 
161  0  0  169 
162  0  0  170 
163  0  0  171 
165  0  0  172 
166  0  0  173 
0  0  167  174 
0  167  0  175 
57  0  0  176 
0  0  169  177 
0  169  0  178 
60  0  0  179 
58  0  0  180 
170  0  0  181 
61  0  0  182 
174  0  0  183 
175  0  0  184 
178  0  0  185 
179  0  0  186 
173  0  0  187 
182  0  0  188 
183  0  0  189 
180  0  0  190 
181  0  0  191 
65  0  0  192 
186  0  0  193 
189  0  0  194 
187  0  0  195 
188  0  0  196 
0  0  72  197 
0  72  0  198 
190  0  0  199 
192  0  0  200 
77  0  0  201 
196  0  0  202 
197  0  0  203 
199  0  0  204 
200  0  0  205 
194  0  0  206 
0  0  94  207 
0  0  195  208 
0  195  0  209 
0  0  198  210 
0  198  0  211 
205  0  0  212 
206  0  0  213 
203  0  0  214 
208  0  0  215 
209  0  0  216 
93  0  0  217 
0  0  207  218 
0  207  0  219 
0  0  210  220 
0  210  0  221 
0  0  236  222 
0  236  0  223 
0  0  211  224 
0  211  0  225 
214  0  0  226 
215  0  0  227 
216  0  0  228 
217  0  0  229 
221  0  0  230 
222  0  0  231 
219  0  0  232 
220  0  0  233 
0  0  218  234 
0  218  0  235 
0  0  223  236 
0  223  0  237 
103  0  0  238 
224  0  0  239 
225  0  0  240 
107  0  0  241 
0  0  237  242 
0  237  0  243 
108  0  0  244 
226  0  0  245 
227  0  0  246 
228  0  0  247 
229  0  0  248 
0  0  230  249 
0  230  0  250 
231  0  0  251 
232  0  0  252 
112  0  0  253 
113  0  0  254 
144  0  0  255 
0  0  104  256 
0  104  0  257 
131  0  0  258 
0  0  142  259 
22  0  0  260 
139  0  0  261 
0  142  0  262 
235  0  0  263 
204  0  0  264 
238  0  0  265 
111  0  0  266 
0  8  0  267 
