1  0  0  1 
2  0  0  2 
5  0  0  3 
0  0  6  4 
7  0  0  5 
8  0  0  6 
0  6  0  7 
10  0  0  8 
12  0  0  9 
11  0  0  10 
15  0  0  11 
14  0  0  12 
18  0  0  13 
19  0  0  14 
21  0  0  15 
20  0  0  16 
23  0  0  17 
22  0  0  18 
24  0  0  19 
26  0  0  20 
25  0  0  21 
28  0  0  22 
30  0  0  23 
29  0  0  24 
31  0  0  25 
32  0  0  26 
33  0  0  27 
34  0  0  28 
35  0  0  29 
37  0  0  30 
38  0  0  31 
39  0  0  32 
40  0  0  33 
41  0  0  34 
0  0  106  35 
42  0  0  36 
44  0  0  37 
43  0  0  38 
46  0  0  39 
45  0  0  40 
47  0  0  41 
48  0  0  42 
49  0  0  43 
96  0  0  44 
53  0  0  45 
52  0  0  46 
51  0  0  47 
55  0  0  48 
56  0  0  49 
54  0  0  50 
57  0  0  51 
59  0  0  52 
97  0  0  53 
61  0  0  54 
60  0  0  55 
62  0  0  56 
63  0  0  57 
64  0  0  58 
65  0  0  59 
99  0  0  60 
66  0  0  61 
67  0  0  62 
68  0  0  63 
69  0  0  64 
0  0  4  65 
0  4  0  66 
3  0  0  67 
70  0  0  68 
71  0  0  69 
72  0  0  70 
73  0  0  71 
74  0  0  72 
75  0  0  73 
76  0  0  74 
77  0  0  75 
78  0  0  76 
79  0  0  77 
80  0  0  78 
81  0  0  79 
0  0  9  80 
0  9  0  81 
13  0  0  82 
108  0  0  83 
0  0  16  84 
0  16  0  85 
82  0  0  86 
83  0  0  87 
0  0  84  88 
0  84  0  89 
85  0  0  90 
86  0  0  91 
87  0  0  92 
88  0  0  93 
27  0  0  94 
89  0  0  95 
90  0  0  96 
0  0  36  97 
0  36  0  98 
91  0  0  99 
92  0  0  100 
94  0  0  101 
95  0  0  102 
58  0  0  103 
109  0  0  104 
98  0  0  105 
101  0  0  106 
100  0  0  107 
102  0  0  108 
103  0  0  109 
104  0  0  110 
105  0  0  111 
0  0  17  112 
0  17  0  113 
107  0  0  114 
93  0  0  115 
50  0  0  116 
0  106  0  117 
