1  0  0  1 
2  0  0  2 
3  0  0  3 
4  0  0  4 
5  0  0  5 
6  0  0  6 
44  0  0  7 
8  0  0  8 
38  0  0  9 
9  0  0  10 
45  0  0  11 
10  0  0  12 
39  0  0  13 
12  0  0  14 
11  0  0  15 
14  0  0  16 
13  0  0  17 
15  0  0  18 
16  0  0  19 
18  0  0  20 
17  0  0  21 
20  0  0  22 
0  0  21  23 
22  0  0  24 
23  0  0  25 
0  0  24  26 
26  0  0  27 
25  0  0  28 
27  0  0  29 
28  0  0  30 
29  0  0  31 
30  0  0  32 
31  0  0  33 
33  0  0  34 
32  0  0  35 
34  0  0  36 
35  0  0  37 
36  0  0  38 
37  0  0  39 
40  0  0  40 
41  0  0  41 
42  0  0  42 
43  0  0  43 
7  0  0  44 
46  0  0  45 
19  0  0  46 
47  0  0  47 
0  24  0  48 
0  21  0  49 
