1  0  0  1 
2  0  0  2 
28  0  0  3 
0  0  3  4 
4  0  0  5 
5  0  0  6 
6  0  0  7 
35  0  0  8 
31  0  0  9 
8  0  0  10 
9  0  0  11 
32  0  0  12 
10  0  0  13 
11  0  0  14 
13  0  0  15 
14  0  0  16 
15  0  0  17 
16  0  0  18 
17  0  0  19 
33  0  0  20 
18  0  0  21 
34  0  0  22 
19  0  0  23 
20  0  0  24 
21  0  0  25 
24  0  0  26 
25  0  0  27 
22  0  0  28 
23  0  0  29 
29  0  0  30 
30  0  0  31 
7  0  0  32 
36  0  0  33 
12  0  0  34 
37  0  0  35 
26  0  0  36 
27  0  0  37 
0  3  0  38 
