1  0  0  1 
2  0  0  2 
3  0  0  3 
5  0  0  4 
4  0  0  5 
6  0  0  6 
7  0  0  7 
31  0  0  8 
8  0  0  9 
32  0  0  10 
9  0  0  11 
11  0  0  12 
10  0  0  13 
12  0  0  14 
13  0  0  15 
14  0  0  16 
15  0  0  17 
16  0  0  18 
17  0  0  19 
18  0  0  20 
19  0  0  21 
20  0  0  22 
21  0  0  23 
22  0  0  24 
23  0  0  25 
24  0  0  26 
25  0  0  27 
26  0  0  28 
27  0  0  29 
28  0  0  30 
29  0  0  31 
30  0  0  32 
33  0  0  33 
34  0  0  34 
36  0  0  35 
37  0  0  36 
35  0  0  37 
