1  0  0  1 
2  0  0  2 
3  0  0  3 
4  0  0  4 
86  0  0  5 
88  0  0  6 
87  0  0  7 
6  0  0  8 
10  0  0  9 
8  0  0  10 
7  0  0  11 
9  0  0  12 
11  0  0  13 
14  0  0  14 
89  0  0  15 
13  0  0  16 
90  0  0  17 
92  0  0  18 
19  0  0  19 
15  0  0  20 
16  0  0  21 
20  0  0  22 
18  0  0  23 
96  0  0  24 
91  0  0  25 
21  0  0  26 
22  0  0  27 
24  0  0  28 
25  0  0  29 
93  0  0  30 
26  0  0  31 
27  0  0  32 
29  0  0  33 
97  0  0  34 
31  0  0  35 
33  0  0  36 
34  0  0  37 
35  0  0  38 
36  0  0  39 
37  0  0  40 
38  0  0  41 
39  0  0  42 
40  0  0  43 
43  0  0  44 
42  0  0  45 
41  0  0  46 
44  0  0  47 
119  0  0  48 
109  0  0  49 
45  0  0  50 
47  0  0  51 
46  0  0  52 
48  0  0  53 
120  0  0  54 
49  0  0  55 
51  0  0  56 
52  0  0  57 
111  0  0  58 
50  0  0  59 
54  0  0  60 
110  0  0  61 
56  0  0  62 
53  0  0  63 
55  0  0  64 
112  0  0  65 
59  0  0  66 
60  0  0  67 
57  0  0  68 
58  0  0  69 
62  0  0  70 
66  0  0  71 
61  0  0  72 
63  0  0  73 
67  0  0  74 
68  0  0  75 
65  0  0  76 
122  0  0  77 
70  0  0  78 
71  0  0  79 
69  0  0  80 
73  0  0  81 
74  0  0  82 
72  0  0  83 
118  0  0  84 
76  0  0  85 
77  0  0  86 
78  0  0  87 
79  0  0  88 
80  0  0  89 
81  0  0  90 
82  0  0  91 
83  0  0  92 
84  0  0  93 
85  0  0  94 
5  0  0  95 
125  0  0  96 
12  0  0  97 
94  0  0  98 
17  0  0  99 
95  0  0  100 
98  0  0  101 
28  0  0  102 
0  0  30  103 
0  30  0  104 
101  0  0  105 
102  0  0  106 
0  0  32  107 
0  32  0  108 
103  0  0  109 
104  0  0  110 
105  0  0  111 
106  0  0  112 
107  0  0  113 
108  0  0  114 
0  0  124  115 
0  124  0  116 
64  0  0  117 
116  0  0  118 
115  0  0  119 
113  0  0  120 
114  0  0  121 
117  0  0  122 
75  0  0  123 
23  0  0  124 
121  0  0  125 
99  0  0  126 
123  0  0  127 
100  0  0  128 
