1  0  0  1 
2  0  0  2 
3  0  0  3 
4  0  0  4 
5  0  0  5 
6  0  0  6 
7  0  0  7 
8  0  0  8 
10  0  0  9 
9  0  0  10 
12  0  0  11 
13  0  0  12 
15  0  0  13 
14  0  0  14 
16  0  0  15 
17  0  0  16 
18  0  0  17 
19  0  0  18 
20  0  0  19 
21  0  0  20 
22  0  0  21 
23  0  0  22 
24  0  0  23 
25  0  0  24 
26  0  0  25 
27  0  0  26 
28  0  0  27 
29  0  0  28 
30  0  0  29 
31  0  0  30 
32  0  0  31 
33  0  0  32 
34  0  0  33 
35  0  0  34 
36  0  0  35 
11  0  0  36 
39  0  0  37 
0  0  37  38 
0  37  0  39 
38  0  0  40 
