1  0  0  1 
2  0  0  2 
3  0  0  3 
4  0  0  4 
5  0  0  5 
6  0  0  6 
7  0  0  7 
8  0  0  8 
9  0  0  9 
10  0  0  10 
11  0  0  11 
12  0  0  12 
13  0  0  13 
14  0  0  14 
34  0  0  15 
15  0  0  16 
16  0  0  17 
17  0  0  18 
35  0  0  19 
18  0  0  20 
19  0  0  21 
20  0  0  22 
21  0  0  23 
22  0  0  24 
23  0  0  25 
24  0  0  26 
25  0  0  27 
26  0  0  28 
27  0  0  29 
36  0  0  30 
37  0  0  31 
28  0  0  32 
29  0  0  33 
30  0  0  34 
31  0  0  35 
32  0  0  36 
33  0  0  37 
38  0  0  38 
