# x, y, z, length, angle, cell_id
32.482979 180.795745 1.000000 42.750141 -35.665667 1
47.203333 161.650000 1.000000 35.099555 31.055659 2
73.250000 140.180723 1.000000 35.882790 49.981277 3
96.656535 112.507599 1.000000 36.520856 49.258175 4
93.797710 138.152672 1.000000 24.051776 40.060041 5
111.658892 80.341108 1.000000 38.808904 80.600677 6
128.165541 63.844595 1.000000 29.251161 -45.054177 7
123.331933 176.600840 1.000000 22.776589 85.162969 8
133.783972 132.606272 1.000000 37.933551 -31.258848 9
128.692308 89.724852 1.000000 31.322397 -66.085398 10
126.603113 151.299611 1.000000 26.342462 79.136753 11
139.603825 53.751366 1.000000 38.063250 -49.256657 12
140.081683 163.143564 1.000000 36.398591 81.905603 13
144.705882 87.831373 1.000000 27.300203 -66.110459 14
157.890141 183.819718 1.000000 29.052003 -34.450145 15
156.407767 78.592233 1.000000 20.504671 -59.363304 16
167.309824 155.188917 1.000000 46.620040 -37.868461 17
160.157895 166.157895 1.000000 24.316324 -36.453796 18
165.273616 209.540717 1.000000 33.969086 -48.066585 19
170.688172 73.877419 1.000000 46.477041 -62.201263 20
166.303867 94.679558 1.000000 18.190555 -43.268524 21
180.915408 202.818731 1.000000 29.094721 -47.804262 22
181.510638 182.910638 1.000000 29.323164 -43.289864 23
181.856369 235.986450 1.000000 33.801490 -65.799864 24
189.891967 142.750693 1.000000 37.962114 43.768974 25
198.483425 77.071823 1.000000 35.693045 -5.407245 26
195.522523 97.355856 1.000000 22.872140 -53.521294 27
199.922929 177.535645 1.000000 50.362869 -82.405278 28
203.102941 228.768382 1.000000 28.021102 37.477245 29
210.572368 241.416667 1.000000 49.607472 39.227708 30
211.865248 136.574468 1.000000 46.215335 56.412798 31
224.691511 98.281573 1.000000 50.388306 -21.773959 32
217.011019 158.581267 1.000000 37.505709 69.710744 33
226.760095 177.845606 1.000000 41.465748 29.654399 34
225.236486 211.746622 1.000000 29.577889 37.227451 35
228.792727 82.832727 1.000000 25.692418 -24.807189 36
243.969907 152.520833 1.000000 42.715414 28.283580 37
233.471233 130.309589 1.000000 37.029137 88.571768 38
248.198370 213.562500 1.000000 43.001315 30.743898 39
256.048223 193.053299 1.000000 42.007394 29.188582 40
249.103960 91.752475 1.000000 18.625849 -29.526370 41
248.595611 125.037618 1.000000 31.022441 84.987654 42
263.085333 159.432000 1.000000 39.907041 29.051999 43
264.532468 100.311688 1.000000 23.588017 40.217031 44
271.160121 113.870091 1.000000 33.558559 37.143550 45
274.782241 208.154334 1.000000 43.450968 74.175767 46
273.349432 60.886364 1.000000 32.842568 81.407706 47
293.972010 174.862595 1.000000 42.162434 25.215438 48
289.768683 125.156584 1.000000 25.417739 -48.816005 49
299.868421 112.859649 1.000000 36.834899 -47.973524 50
305.303688 192.086768 1.000000 42.350582 -3.277262 51
317.645729 210.381910 1.000000 40.224016 -18.005628 52
314.187879 136.233333 1.000000 29.335685 2.408797 53
319.824818 50.734793 1.000000 38.810319 -18.928958 54
312.605634 82.545775 1.000000 27.031356 -58.270494 55
323.085511 165.446556 1.000000 42.749861 60.610053 56
328.159420 102.091787 1.000000 20.875620 -40.648871 57
338.158451 91.767606 1.000000 35.099171 -39.292484 58
333.235537 177.090909 1.000000 25.868531 62.637141 59
336.770677 196.105263 1.000000 25.845697 35.493234 60
339.143508 126.728929 1.000000 43.712907 76.056988 61
349.760446 223.604457 1.000000 33.670372 -24.028326 62
352.183946 65.966555 1.000000 30.759906 -36.306806 63
358.882979 89.972340 1.000000 48.554891 -40.820332 64
349.140762 145.507331 1.000000 34.633970 75.474418 65
354.455414 203.713376 1.000000 28.805631 22.559485 66
350.118056 175.027778 1.000000 26.270018 89.682632 67
360.403390 111.772881 1.000000 30.031024 -42.492014 68
365.381381 141.471471 1.000000 35.119144 87.124226 69
382.785933 198.070336 1.000000 28.765245 4.773869 70
383.870370 56.793981 1.000000 41.482467 -76.938020 71
394.488746 134.282958 1.000000 30.797063 -81.678756 72
393.966197 168.650704 1.000000 37.706282 89.640480 73
401.188088 83.652038 1.000000 32.240158 85.555430 74
406.150000 119.356522 1.000000 46.658326 -73.213586 75
29.605678 154.416404 1.000000 28.599787 28.848500 76
50.093750 142.166667 1.000000 25.122963 28.652131 77
60.571429 171.234921 1.000000 30.763144 24.492927 78
87.433862 157.962963 1.000000 35.910380 21.925398 79
64.474320 188.024169 1.000000 32.530378 30.564228 80
88.377483 174.976821 1.000000 29.610617 28.667898 81
74.000000 116.978417 1.000000 42.777548 49.688302 82
93.671053 87.865789 1.000000 36.949331 63.226496 83
105.028490 55.179487 1.000000 35.412992 52.739353 84
124.084469 30.089918 1.000000 35.507594 55.219689 85
108.754821 175.504132 1.000000 37.492027 83.843212 86
113.401515 144.272727 1.000000 30.779348 76.475375 87
126.594901 110.954674 1.000000 37.076474 -36.944900 88
151.775000 126.985714 1.000000 27.738952 -29.676527 89
145.077236 32.365854 1.000000 22.374486 -8.506373 90
170.885714 31.911429 1.000000 32.546669 7.481248 91
154.785933 109.299694 1.000000 29.686069 -7.524316 92
180.982578 110.233449 1.000000 26.366910 4.520777 93
160.312500 47.591667 1.000000 29.244490 1.221624 94
191.056604 46.590296 1.000000 37.942582 0.568841 95
177.163265 132.285714 1.000000 34.243696 35.034638 96
206.235135 115.672973 1.000000 38.048629 28.479034 97
199.844898 62.338776 1.000000 53.108146 -5.525433 98
202.448387 211.290323 1.000000 40.490491 40.438868 99
236.720000 188.280000 1.000000 52.448451 29.748866 100
223.496815 49.882166 1.000000 30.362749 -19.326327 101
249.176080 58.916944 1.000000 31.661552 -22.183165 102
231.438462 242.000000 1.000000 28.023477 43.541066 103
251.283333 227.800000 1.000000 26.698362 30.607954 104
238.935743 70.738956 1.000000 28.072815 -23.285511 105
260.951020 80.400000 1.000000 26.787742 -25.167257 106
242.477366 252.547325 1.000000 23.661012 30.507753 107
261.098976 239.320819 1.000000 28.574858 32.761730 108
275.614618 168.538206 1.000000 38.188159 27.569352 109
305.534296 154.935018 1.000000 34.552851 23.436059 110
301.897872 93.187234 1.000000 29.289065 -51.525210 111
319.904943 114.874525 1.000000 32.273585 -50.572092 112
379.493464 174.872549 1.000000 30.233897 -84.841002 113
380.139286 148.642857 1.000000 27.782291 83.581312 114
380.901024 118.092150 1.000000 30.908195 75.151142 115
385.688312 91.860390 1.000000 30.665837 85.829125 116
405.211494 194.871264 1.000000 45.965906 79.110976 117
408.651090 158.333333 1.000000 34.931235 89.984923 118
267.197248 135.385321 1.000000 20.841034 -25.348265 119
287.633700 143.556777 1.000000 26.934823 -15.052233 120
364.891986 176.073171 1.000000 35.185154 -87.220395 121
376.907591 213.772277 1.000000 37.728571 6.122497 122
288.127809 65.421348 1.000000 75.865124 78.491265 123
319.643678 66.811494 1.000000 51.761491 -19.899248 124
108.375527 122.126582 1.000000 22.470829 51.242263 125
