1  0  0  1 
115  0  0  2 
2  0  0  3 
4  0  0  4 
116  0  0  5 
6  0  0  6 
7  0  0  7 
11  0  0  8 
8  0  0  9 
12  0  0  10 
13  0  0  11 
14  0  0  12 
15  0  0  13 
17  0  0  14 
0  0  18  15 
16  0  0  16 
21  0  0  17 
20  0  0  18 
23  0  0  19 
128  0  0  20 
25  0  0  21 
26  0  0  22 
24  0  0  23 
28  0  0  24 
29  0  0  25 
32  0  0  26 
30  0  0  27 
31  0  0  28 
35  0  0  29 
36  0  0  30 
33  0  0  31 
130  0  0  32 
129  0  0  33 
37  0  0  34 
38  0  0  35 
131  0  0  36 
0  0  138  37 
136  0  0  38 
40  0  0  39 
143  0  0  40 
206  0  0  41 
144  0  0  42 
154  0  0  43 
41  0  0  44 
149  0  0  45 
0  146  0  46 
137  0  0  47 
0  0  42  48 
46  0  0  49 
148  0  0  50 
0  138  0  51 
45  0  0  52 
44  0  0  53 
43  0  0  54 
0  42  0  55 
48  0  0  56 
0  0  202  57 
155  0  0  58 
50  0  0  59 
55  0  0  60 
0  202  0  61 
56  0  0  62 
58  0  0  63 
57  0  0  64 
165  0  0  65 
59  0  0  66 
61  0  0  67 
63  0  0  68 
60  0  0  69 
62  0  0  70 
66  0  0  71 
67  0  0  72 
68  0  0  73 
64  0  0  74 
0  0  69  75 
173  0  0  76 
166  0  0  77 
71  0  0  78 
73  0  0  79 
76  0  0  80 
74  0  0  81 
0  69  0  82 
72  0  0  83 
174  0  0  84 
80  0  0  85 
78  0  0  86 
84  0  0  87 
79  0  0  88 
81  0  0  89 
77  0  0  90 
85  0  0  91 
83  0  0  92 
88  0  0  93 
86  0  0  94 
184  0  0  95 
182  0  0  96 
92  0  0  97 
0  0  198  98 
94  0  0  99 
96  0  0  100 
93  0  0  101 
0  198  0  102 
101  0  0  103 
98  0  0  104 
100  0  0  105 
99  0  0  106 
192  0  0  107 
103  0  0  108 
104  0  0  109 
193  0  0  110 
107  0  0  111 
109  0  0  112 
108  0  0  113 
111  0  0  114 
112  0  0  115 
110  0  0  116 
113  0  0  117 
3  0  0  118 
117  0  0  119 
5  0  0  120 
114  0  0  121 
9  0  0  122 
10  0  0  123 
19  0  0  124 
118  0  0  125 
119  0  0  126 
0  18  0  127 
0  0  120  128 
122  0  0  129 
22  0  0  130 
0  0  124  131 
0  0  121  132 
0  121  0  133 
0  123  0  134 
0  0  123  135 
27  0  0  136 
125  0  0  137 
126  0  0  138 
127  0  0  139 
0  124  0  140 
207  0  0  141 
34  0  0  142 
134  0  0  143 
135  0  0  144 
132  0  0  145 
133  0  0  146 
139  0  0  147 
140  0  0  148 
141  0  0  149 
142  0  0  150 
0  0  146  151 
145  0  0  152 
0  0  147  153 
0  147  0  154 
152  0  0  155 
153  0  0  156 
0  0  159  157 
0  159  0  158 
151  0  0  159 
47  0  0  160 
0  0  150  161 
0  150  0  162 
157  0  0  163 
158  0  0  164 
0  0  156  165 
0  156  0  166 
49  0  0  167 
161  0  0  168 
160  0  0  169 
51  0  0  170 
0  0  163  171 
0  163  0  172 
54  0  0  173 
0  162  0  174 
0  0  162  175 
0  0  52  176 
0  52  0  177 
0  0  53  178 
0  53  0  179 
201  0  0  180 
0  0  170  181 
0  0  164  182 
0  164  0  183 
0  0  167  184 
0  167  0  185 
168  0  0  186 
0  0  172  187 
0  172  0  188 
171  0  0  189 
0  170  0  190 
65  0  0  191 
175  0  0  192 
0  0  0  193 
169  0  0  194 
75  0  0  195 
0  0  203  196 
0  203  0  197 
177  0  0  198 
180  0  0  199 
181  0  0  200 
178  0  0  201 
179  0  0  202 
0  0  0  203 
204  0  0  204 
82  0  0  205 
185  0  0  206 
183  0  0  207 
0  0  89  208 
0  89  0  209 
87  0  0  210 
186  0  0  211 
187  0  0  212 
188  0  0  213 
0  0  95  214 
0  95  0  215 
91  0  0  216 
189  0  0  217 
199  0  0  218 
0  0  190  219 
0  190  0  220 
0  0  191  221 
0  191  0  222 
97  0  0  223 
194  0  0  224 
195  0  0  225 
0  0  105  226 
0  105  0  227 
0  0  196  228 
0  196  0  229 
106  0  0  230 
0  0  197  231 
0  197  0  232 
70  0  0  233 
200  0  0  234 
39  0  0  235 
90  0  0  236 
102  0  0  237 
205  0  0  238 
