2  0  0  1 
1  0  0  2 
3  0  0  3 
4  0  0  4 
5  0  0  5 
6  0  0  6 
40  0  0  7 
42  0  0  8 
7  0  0  9 
10  0  0  10 
9  0  0  11 
41  0  0  12 
11  0  0  13 
43  0  0  14 
12  0  0  15 
15  0  0  16 
13  0  0  17 
14  0  0  18 
16  0  0  19 
46  0  0  20 
47  0  0  21 
18  0  0  22 
19  0  0  23 
22  0  0  24 
20  0  0  25 
21  0  0  26 
25  0  0  27 
23  0  0  28 
24  0  0  29 
26  0  0  30 
27  0  0  31 
28  0  0  32 
29  0  0  33 
30  0  0  34 
31  0  0  35 
33  0  0  36 
34  0  0  37 
35  0  0  38 
36  0  0  39 
55  0  0  40 
37  0  0  41 
0  0  38  42 
39  0  0  43 
56  0  0  44 
8  0  0  45 
59  0  0  46 
44  0  0  47 
45  0  0  48 
0  0  17  49 
0  17  0  50 
48  0  0  51 
49  0  0  52 
51  0  0  53 
52  0  0  54 
50  0  0  55 
53  0  0  56 
54  0  0  57 
57  0  0  58 
58  0  0  59 
60  0  0  60 
0  38  0  61 
32  0  0  62 
61  0  0  63 
