1  0  0  1 
2  0  0  2 
87  0  0  3 
3  0  0  4 
88  0  0  5 
4  0  0  6 
95  0  0  7 
93  0  0  8 
92  0  0  9 
96  0  0  10 
6  0  0  11 
94  0  0  12 
7  0  0  13 
5  0  0  14 
9  0  0  15 
8  0  0  16 
12  0  0  17 
11  0  0  18 
13  0  0  19 
10  0  0  20 
97  0  0  21 
17  0  0  22 
14  0  0  23 
16  0  0  24 
15  0  0  25 
19  0  0  26 
20  0  0  27 
18  0  0  28 
21  0  0  29 
23  0  0  30 
25  0  0  31 
24  0  0  32 
28  0  0  33 
26  0  0  34 
27  0  0  35 
29  0  0  36 
124  0  0  37 
30  0  0  38 
32  0  0  39 
31  0  0  40 
34  0  0  41 
103  0  0  42 
36  0  0  43 
37  0  0  44 
0  0  0  45 
41  0  0  46 
40  0  0  47 
39  0  0  48 
113  0  0  49 
0  109  0  50 
44  0  0  51 
110  0  0  52 
114  0  0  53 
45  0  0  54 
46  0  0  55 
49  0  0  56 
48  0  0  57 
51  0  0  58 
47  0  0  59 
53  0  0  60 
0  0  52  61 
50  0  0  62 
0  52  0  63 
54  0  0  64 
57  0  0  65 
55  0  0  66 
0  0  56  67 
60  0  0  68 
58  0  0  69 
59  0  0  70 
61  0  0  71 
64  0  0  72 
65  0  0  73 
63  0  0  74 
66  0  0  75 
70  0  0  76 
68  0  0  77 
67  0  0  78 
69  0  0  79 
71  0  0  80 
73  0  0  81 
74  0  0  82 
75  0  0  83 
76  0  0  84 
78  0  0  85 
80  0  0  86 
81  0  0  87 
82  0  0  88 
83  0  0  89 
84  0  0  90 
85  0  0  91 
86  0  0  92 
91  0  0  93 
89  0  0  94 
90  0  0  95 
0  0  22  96 
0  22  0  97 
98  0  0  98 
100  0  0  99 
101  0  0  100 
0  0  35  101 
0  35  0  102 
33  0  0  103 
102  0  0  104 
126  0  0  105 
105  0  0  106 
106  0  0  107 
107  0  0  108 
108  0  0  109 
0  0  109  110 
104  0  0  111 
111  0  0  112 
112  0  0  113 
0  0  0  114 
0  0  0  115 
0  0  42  116 
0  42  0  117 
115  0  0  118 
116  0  0  119 
62  0  0  120 
0  72  0  121 
0  0  72  122 
0  0  117  123 
0  117  0  124 
79  0  0  125 
118  0  0  126 
119  0  0  127 
120  0  0  128 
121  0  0  129 
122  0  0  130 
0  0  123  131 
0  123  0  132 
77  0  0  133 
0  0  125  134 
0  125  0  135 
99  0  0  136 
128  0  0  137 
127  0  0  138 
0  56  0  139 
