1  0  0  1 
2  0  0  2 
3  0  0  3 
5  0  0  4 
6  0  0  5 
8  0  0  6 
9  0  0  7 
51  0  0  8 
11  0  0  9 
10  0  0  10 
12  0  0  11 
52  0  0  12 
14  0  0  13 
16  0  0  14 
15  0  0  15 
17  0  0  16 
19  0  0  17 
18  0  0  18 
20  0  0  19 
21  0  0  20 
22  0  0  21 
23  0  0  22 
25  0  0  23 
26  0  0  24 
24  0  0  25 
29  0  0  26 
27  0  0  27 
28  0  0  28 
30  0  0  29 
32  0  0  30 
31  0  0  31 
34  0  0  32 
33  0  0  33 
35  0  0  34 
36  0  0  35 
37  0  0  36 
61  0  0  37 
38  0  0  38 
40  0  0  39 
62  0  0  40 
41  0  0  41 
43  0  0  42 
45  0  0  43 
44  0  0  44 
46  0  0  45 
63  0  0  46 
47  0  0  47 
64  0  0  48 
4  0  0  49 
7  0  0  50 
13  0  0  51 
49  0  0  52 
50  0  0  53 
53  0  0  54 
54  0  0  55 
55  0  0  56 
56  0  0  57 
57  0  0  58 
58  0  0  59 
59  0  0  60 
60  0  0  61 
0  0  39  62 
0  39  0  63 
0  0  42  64 
0  42  0  65 
48  0  0  66 
65  0  0  67 
