1  0  0  1 
2  0  0  2 
32  0  0  3 
3  0  0  4 
4  0  0  5 
5  0  0  6 
33  0  0  7 
6  0  0  8 
36  0  0  9 
7  0  0  10 
8  0  0  11 
9  0  0  12 
37  0  0  13 
10  0  0  14 
0  0  11  15 
12  0  0  16 
13  0  0  17 
34  0  0  18 
14  0  0  19 
15  0  0  20 
16  0  0  21 
35  0  0  22 
17  0  0  23 
19  0  0  24 
20  0  0  25 
21  0  0  26 
22  0  0  27 
23  0  0  28 
24  0  0  29 
25  0  0  30 
27  0  0  31 
26  0  0  32 
28  0  0  33 
29  0  0  34 
30  0  0  35 
31  0  0  36 
18  0  0  37 
0  11  0  38 
38  0  0  39 
