1  0  0  1 
38  0  0  2 
39  0  0  3 
2  0  0  4 
3  0  0  5 
4  0  0  6 
5  0  0  7 
42  0  0  8 
6  0  0  9 
9  0  0  10 
8  0  0  11 
10  0  0  12 
44  0  0  13 
11  0  0  14 
13  0  0  15 
14  0  0  16 
17  0  0  17 
16  0  0  18 
15  0  0  19 
18  0  0  20 
19  0  0  21 
20  0  0  22 
21  0  0  23 
22  0  0  24 
23  0  0  25 
24  0  0  26 
0  0  25  27 
26  0  0  28 
28  0  0  29 
29  0  0  30 
30  0  0  31 
56  0  0  32 
31  0  0  33 
32  0  0  34 
33  0  0  35 
34  0  0  36 
35  0  0  37 
36  0  0  38 
37  0  0  39 
40  0  0  40 
41  0  0  41 
0  0  7  42 
0  7  0  43 
45  0  0  44 
46  0  0  45 
0  0  12  46 
0  12  0  47 
0  0  47  48 
0  47  0  49 
48  0  0  50 
27  0  0  51 
57  0  0  52 
49  0  0  53 
50  0  0  54 
51  0  0  55 
52  0  0  56 
53  0  0  57 
54  0  0  58 
43  0  0  59 
55  0  0  60 
0  25  0  61 
