1  0  0  1 
27  0  0  2 
2  0  0  3 
28  0  0  4 
0  0  3  5 
4  0  0  6 
0  0  8  7 
6  0  0  8 
10  0  0  9 
11  0  0  10 
0  0  12  11 
13  0  0  12 
14  0  0  13 
15  0  0  14 
16  0  0  15 
17  0  0  16 
18  0  0  17 
0  0  19  18 
0  19  0  19 
20  0  0  20 
21  0  0  21 
22  0  0  22 
23  0  0  23 
24  0  0  24 
25  0  0  25 
26  0  0  26 
29  0  0  27 
30  0  0  28 
5  0  0  29 
33  0  0  30 
7  0  0  31 
9  0  0  32 
31  0  0  33 
32  0  0  34 
0  12  0  35 
0  3  0  36 
0  8  0  37 
