1  0  0  1 
102  0  0  2 
103  0  0  3 
108  0  0  4 
3  0  0  5 
4  0  0  6 
109  0  0  7 
5  0  0  8 
117  0  0  9 
118  0  0  10 
6  0  0  11 
121  0  0  12 
123  0  0  13 
11  0  0  14 
10  0  0  15 
7  0  0  16 
9  0  0  17 
126  0  0  18 
125  0  0  19 
122  0  0  20 
14  0  0  21 
124  0  0  22 
128  0  0  23 
16  0  0  24 
13  0  0  25 
17  0  0  26 
15  0  0  27 
18  0  0  28 
19  0  0  29 
22  0  0  30 
25  0  0  31 
188  0  0  32 
23  0  0  33 
24  0  0  34 
26  0  0  35 
30  0  0  36 
31  0  0  37 
142  0  0  38 
34  0  0  39 
35  0  0  40 
33  0  0  41 
32  0  0  42 
40  0  0  43 
37  0  0  44 
36  0  0  45 
143  0  0  46 
41  0  0  47 
42  0  0  48 
145  0  0  49 
137  0  0  50 
43  0  0  51 
187  0  0  52 
45  0  0  53 
150  0  0  54 
47  0  0  55 
51  0  0  56 
46  0  0  57 
146  0  0  58 
48  0  0  59 
50  0  0  60 
49  0  0  61 
52  0  0  62 
55  0  0  63 
53  0  0  64 
0  0  185  65 
151  0  0  66 
60  0  0  67 
56  0  0  68 
54  0  0  69 
59  0  0  70 
58  0  0  71 
61  0  0  72 
57  0  0  73 
159  0  0  74 
65  0  0  75 
64  0  0  76 
0  185  0  77 
63  0  0  78 
0  0  69  79 
160  0  0  80 
70  0  0  81 
72  0  0  82 
73  0  0  83 
68  0  0  84 
71  0  0  85 
74  0  0  86 
0  69  0  87 
167  0  0  88 
77  0  0  89 
76  0  0  90 
78  0  0  91 
79  0  0  92 
75  0  0  93 
164  0  0  94 
85  0  0  95 
166  0  0  96 
87  0  0  97 
84  0  0  98 
82  0  0  99 
168  0  0  100 
88  0  0  101 
165  0  0  102 
86  0  0  103 
91  0  0  104 
90  0  0  105 
94  0  0  106 
92  0  0  107 
174  0  0  108 
93  0  0  109 
175  0  0  110 
95  0  0  111 
96  0  0  112 
179  0  0  113 
97  0  0  114 
98  0  0  115 
180  0  0  116 
100  0  0  117 
101  0  0  118 
2  0  0  119 
104  0  0  120 
105  0  0  121 
106  0  0  122 
107  0  0  123 
112  0  0  124 
113  0  0  125 
110  0  0  126 
111  0  0  127 
114  0  0  128 
115  0  0  129 
116  0  0  130 
127  0  0  131 
119  0  0  132 
120  0  0  133 
12  0  0  134 
21  0  0  135 
131  0  0  136 
132  0  0  137 
134  0  0  138 
129  0  0  139 
130  0  0  140 
138  0  0  141 
139  0  0  142 
136  0  0  143 
28  0  0  144 
20  0  0  145 
29  0  0  146 
133  0  0  147 
27  0  0  148 
0  183  0  149 
140  0  0  150 
141  0  0  151 
0  0  0  152 
0  0  0  153 
38  0  0  154 
0  0  144  155 
0  144  0  156 
0  0  39  157 
0  39  0  158 
147  0  0  159 
148  0  0  160 
0  0  149  161 
0  149  0  162 
44  0  0  163 
154  0  0  164 
155  0  0  165 
152  0  0  166 
153  0  0  167 
184  0  0  168 
62  0  0  169 
157  0  0  170 
158  0  0  171 
66  0  0  172 
161  0  0  173 
162  0  0  174 
67  0  0  175 
163  0  0  176 
81  0  0  177 
80  0  0  178 
170  0  0  179 
171  0  0  180 
89  0  0  181 
172  0  0  182 
173  0  0  183 
176  0  0  184 
177  0  0  185 
0  0  178  186 
0  178  0  187 
99  0  0  188 
181  0  0  189 
182  0  0  190 
8  0  0  191 
83  0  0  192 
156  0  0  193 
186  0  0  194 
