1  0  0  1 
2  0  0  2 
4  0  0  3 
3  0  0  4 
5  0  0  5 
7  0  0  6 
10  0  0  7 
9  0  0  8 
11  0  0  9 
12  0  0  10 
13  0  0  11 
14  0  0  12 
15  0  0  13 
16  0  0  14 
17  0  0  15 
18  0  0  16 
19  0  0  17 
20  0  0  18 
23  0  0  19 
21  0  0  20 
22  0  0  21 
24  0  0  22 
25  0  0  23 
26  0  0  24 
27  0  0  25 
28  0  0  26 
29  0  0  27 
31  0  0  28 
0  0  30  29 
32  0  0  30 
33  0  0  31 
34  0  0  32 
0  35  0  33 
36  0  0  34 
38  0  0  35 
39  0  0  36 
40  0  0  37 
41  0  0  38 
42  0  0  39 
0  0  8  40 
0  8  0  41 
43  0  0  42 
44  0  0  43 
45  0  0  44 
46  0  0  45 
47  0  0  46 
0  0  37  47 
0  37  0  48 
48  0  0  49 
51  0  0  50 
0  0  35  51 
0  30  0  52 
49  0  0  53 
50  0  0  54 
