1  0  0  1 
2  0  0  2 
3  0  0  3 
4  0  0  4 
8  0  0  5 
7  0  0  6 
9  0  0  7 
11  0  0  8 
0  0  14  9 
144  0  0  10 
15  0  0  11 
16  0  0  12 
0  14  0  13 
18  0  0  14 
104  0  0  15 
17  0  0  16 
19  0  0  17 
20  0  0  18 
22  0  0  19 
25  0  0  20 
23  0  0  21 
21  0  0  22 
24  0  0  23 
26  0  0  24 
29  0  0  25 
27  0  0  26 
105  0  0  27 
30  0  0  28 
31  0  0  29 
32  0  0  30 
35  0  0  31 
114  0  0  32 
36  0  0  33 
34  0  0  34 
37  0  0  35 
115  0  0  36 
107  0  0  37 
40  0  0  38 
0  0  38  39 
42  0  0  40 
43  0  0  41 
46  0  0  42 
128  0  0  43 
126  0  0  44 
45  0  0  45 
44  0  0  46 
48  0  0  47 
47  0  0  48 
129  0  0  49 
127  0  0  50 
49  0  0  51 
50  0  0  52 
51  0  0  53 
52  0  0  54 
53  0  0  55 
55  0  0  56 
54  0  0  57 
59  0  0  58 
60  0  0  59 
0  0  58  60 
56  0  0  61 
57  0  0  62 
62  0  0  63 
61  0  0  64 
63  0  0  65 
66  0  0  66 
65  0  0  67 
68  0  0  68 
0  0  64  69 
0  64  0  70 
69  0  0  71 
72  0  0  72 
73  0  0  73 
70  0  0  74 
74  0  0  75 
0  67  0  76 
71  0  0  77 
75  0  0  78 
79  0  0  79 
76  0  0  80 
77  0  0  81 
137  0  0  82 
147  0  0  83 
81  0  0  84 
78  0  0  85 
83  0  0  86 
82  0  0  87 
0  0  0  88 
138  0  0  89 
84  0  0  90 
87  0  0  91 
85  0  0  92 
88  0  0  93 
89  0  0  94 
90  0  0  95 
92  0  0  96 
93  0  0  97 
0  0  94  98 
0  94  0  99 
0  0  5  100 
0  5  0  101 
6  0  0  102 
95  0  0  103 
0  0  96  104 
0  96  0  105 
0  0  97  106 
0  97  0  107 
98  0  0  108 
99  0  0  109 
0  0  100  110 
0  100  0  111 
10  0  0  112 
0  0  12  113 
0  12  0  114 
13  0  0  115 
102  0  0  116 
103  0  0  117 
0  101  0  118 
0  0  101  119 
0  0  106  120 
0  106  0  121 
28  0  0  122 
108  0  0  123 
109  0  0  124 
0  0  148  125 
0  148  0  126 
0  0  145  127 
0  145  0  128 
110  0  0  129 
111  0  0  130 
112  0  0  131 
113  0  0  132 
0  0  116  133 
0  116  0  134 
0  0  33  135 
0  33  0  136 
120  0  0  137 
121  0  0  138 
0  0  149  139 
0  149  0  140 
0  0  39  141 
0  39  0  142 
118  0  0  143 
119  0  0  144 
117  0  0  145 
122  0  0  146 
123  0  0  147 
0  0  41  148 
0  41  0  149 
150  0  0  150 
146  0  0  151 
131  0  0  152 
132  0  0  153 
134  0  0  154 
135  0  0  155 
136  0  0  156 
139  0  0  157 
140  0  0  158 
141  0  0  159 
0  0  80  160 
0  80  0  161 
86  0  0  162 
142  0  0  163 
143  0  0  164 
0  0  91  165 
0  91  0  166 
124  0  0  167 
130  0  0  168 
125  0  0  169 
133  0  0  170 
0  0  67  171 
0  58  0  172 
0  38  0  173 
151  0  0  174 
