1  0  0  1 
96  0  0  2 
4  0  0  3 
97  0  0  4 
5  0  0  5 
7  0  0  6 
108  0  0  7 
109  0  0  8 
8  0  0  9 
9  0  0  10 
116  0  0  11 
0  0  10  12 
11  0  0  13 
13  0  0  14 
12  0  0  15 
15  0  0  16 
16  0  0  17 
0  0  17  18 
14  0  0  19 
0  0  18  20 
0  10  0  21 
0  18  0  22 
19  0  0  23 
21  0  0  24 
117  0  0  25 
22  0  0  26 
25  0  0  27 
23  0  0  28 
24  0  0  29 
26  0  0  30 
27  0  0  31 
28  0  0  32 
30  0  0  33 
29  0  0  34 
31  0  0  35 
34  0  0  36 
33  0  0  37 
137  0  0  38 
35  0  0  39 
32  0  0  40 
38  0  0  41 
39  0  0  42 
36  0  0  43 
138  0  0  44 
146  0  0  45 
40  0  0  46 
43  0  0  47 
42  0  0  48 
45  0  0  49 
147  0  0  50 
44  0  0  51 
49  0  0  52 
47  0  0  53 
46  0  0  54 
48  0  0  55 
54  0  0  56 
53  0  0  57 
55  0  0  58 
56  0  0  59 
50  0  0  60 
57  0  0  61 
51  0  0  62 
52  0  0  63 
59  0  0  64 
60  0  0  65 
63  0  0  66 
64  0  0  67 
65  0  0  68 
61  0  0  69 
172  0  0  70 
152  0  0  71 
66  0  0  72 
67  0  0  73 
68  0  0  74 
69  0  0  75 
71  0  0  76 
73  0  0  77 
72  0  0  78 
75  0  0  79 
74  0  0  80 
70  0  0  81 
76  0  0  82 
79  0  0  83 
78  0  0  84 
153  0  0  85 
77  0  0  86 
81  0  0  87 
80  0  0  88 
82  0  0  89 
84  0  0  90 
86  0  0  91 
85  0  0  92 
87  0  0  93 
88  0  0  94 
90  0  0  95 
92  0  0  96 
93  0  0  97 
94  0  0  98 
163  0  0  99 
95  0  0  100 
164  0  0  101 
2  0  0  102 
100  0  0  103 
98  0  0  104 
99  0  0  105 
0  0  3  106 
0  3  0  107 
0  0  101  108 
0  101  0  109 
104  0  0  110 
105  0  0  111 
106  0  0  112 
107  0  0  113 
0  0  102  114 
0  102  0  115 
103  0  0  116 
0  0  6  117 
0  6  0  118 
110  0  0  119 
111  0  0  120 
0  0  112  121 
0  112  0  122 
113  0  0  123 
114  0  0  124 
0  0  115  125 
0  115  0  126 
118  0  0  127 
119  0  0  128 
0  0  0  129 
0  0  0  130 
120  0  0  131 
121  0  0  132 
122  0  0  133 
123  0  0  134 
124  0  0  135 
125  0  0  136 
126  0  0  137 
133  0  0  138 
0  0  0  139 
131  0  0  140 
132  0  0  141 
129  0  0  142 
130  0  0  143 
139  0  0  144 
135  0  0  145 
136  0  0  146 
141  0  0  147 
142  0  0  148 
37  0  0  149 
143  0  0  150 
144  0  0  151 
148  0  0  152 
149  0  0  153 
0  0  0  154 
145  0  0  155 
140  0  0  156 
0  0  168  157 
0  168  0  158 
62  0  0  159 
174  0  0  160 
150  0  0  161 
151  0  0  162 
58  0  0  163 
0  0  171  164 
0  171  0  165 
170  0  0  166 
154  0  0  167 
155  0  0  168 
156  0  0  169 
0  0  157  170 
0  157  0  171 
158  0  0  172 
159  0  0  173 
160  0  0  174 
161  0  0  175 
0  0  91  176 
0  91  0  177 
89  0  0  178 
0  0  162  179 
0  162  0  180 
165  0  0  181 
166  0  0  182 
128  0  0  183 
41  0  0  184 
167  0  0  185 
169  0  0  186 
173  0  0  187 
0  17  0  188 
