1  0  0  1 
3  0  0  2 
4  0  0  3 
5  0  0  4 
6  0  0  5 
7  0  0  6 
8  0  0  7 
10  0  0  8 
39  0  0  9 
40  0  0  10 
12  0  0  11 
11  0  0  12 
13  0  0  13 
15  0  0  14 
16  0  0  15 
17  0  0  16 
18  0  0  17 
20  0  0  18 
0  0  19  19 
21  0  0  20 
22  0  0  21 
23  0  0  22 
24  0  0  23 
25  0  0  24 
26  0  0  25 
28  0  0  26 
27  0  0  27 
29  0  0  28 
30  0  0  29 
31  0  0  30 
32  0  0  31 
34  0  0  32 
33  0  0  33 
35  0  0  34 
36  0  0  35 
0  0  2  36 
0  2  0  37 
37  0  0  38 
38  0  0  39 
0  0  14  40 
0  14  0  41 
41  0  0  42 
42  0  0  43 
0  0  9  44 
0  9  0  45 
43  0  0  46 
0  19  0  47 
